Mstar = 8.9948e+32 g 
Rstar = 32271200000.0 cm 
Twind = 4500000.0 K 
Mdot = 1.26121179257e+11 g/s 
cs = 27271094.1264 cm/s
rs = 40335015185.2 cm
R (cm)    density (g/cm^3)    Vr (cm/s)   
1.1    3.34747964659e-19    23792748.4839    
1.21094754618    2.48861303957e-19    26408266.4777    
1.32189509236    1.91506901994e-19    28798476.8014    
1.43284263854    1.51464078236e-19    30991406.6982    
1.54379018472    1.22490685022e-19    33011732.3137    
1.6547377309    1.00903066542e-19    34880702.6234    
1.76568527708    8.44199619685e-20    36616445.6736    
1.87663282326    7.15706698155e-20    38234395.759    
1.98758036943    6.1374282936e-20    39747708.8958    
2.09852791561    5.31572482887e-20    41167636.6834    
2.20947546179    4.6445256478e-20    42503842.9485    
2.32042300797    4.08968638973e-20    43764663.8228    
2.43137055415    3.62614485865e-20    44957326.2075    
2.54231810033    3.23518499491e-20    46088123.9761    
2.65326564651    2.90261239225e-20    47162564.9183    
2.76421319269    2.6175114306e-20    48185489.0749    
2.87516073887    2.37138170112e-20    49161169.5179    
2.98610828505    2.15752761984e-20    50093394.2748    
3.09705583123    1.97062007171e-20    50985532.3237    
3.20800337741    1.80637672368e-20    51840593.7355    
3.31895092359    1.66132609103e-20    52661276.4883    
3.42989846977    1.53263114271e-20    53450005.4791    
3.54084601594    1.41795582436e-20    54208968.9342    
3.65179356212    1.31536316088e-20    54940147.0181    
3.7627411083    1.22323666364e-20    55645335.2403    
3.87368865448    1.14021905804e-20    56326168.5124    
3.98463620066    1.06516429585e-20    56984137.0781    
4.09558374684    9.97099504485e-21    57620604.0682    
4.20653129302    9.35194711131e-21    58236818.1793    
4.3174788392    8.78738498946e-21    58833927.3282    
4.42842638538    8.27118403547e-21    59412986.7791    
4.53937393156    7.79804909222e-21    59974970.8469    
4.65032147774    7.36338423097e-21    60520779.3995    
4.76126902392    6.96318538322e-21    61051245.66    
4.8722165701    6.59395180073e-21    61567141.7332    
4.98316411628    6.25261228786e-21    62069185.7579    
5.09411166245    5.93646400637e-21    62558045.1578    
5.20505920863    5.6431209159e-21    63034342.168    
5.31600675481    5.37047051872e-21    63498657.5741    
5.42695430099    5.11663733022e-21    63951533.7999    
5.53790184717    4.87995177782e-21    64393479.1343    
5.64884939335    4.65892395043e-21    64824968.7062    
5.75979693953    4.45222085544e-21    65246449.5236    
5.87074448571    4.25864724229e-21    65658340.7989    
5.98169203189    4.07712891767e-21    66061036.8745    
6.09263957807    3.90669840815e-21    66454909.1733    
6.20358712425    3.74648257444e-21    66840307.6622    
6.31453467043    3.5956918204e-21    67217562.9645    
6.42548221661    3.45361081013e-21    67586986.3604    
6.53642976279    3.31959017968e-21    67948873.3628    
6.64737730896    3.19303951213e-21    68303502.7422    
6.75832485514    3.07342100787e-21    68651138.9649    
6.86927240132    2.96024401777e-21    68992032.518    
6.9802199475    2.85306016762e-21    69326421.5347    
7.09116749368    2.75145913277e-21    69654531.4698    
7.20211503986    2.65506479964e-21    69976577.2122    
7.31306258604    2.56353196265e-21    70292762.5975    
7.42401013222    2.47654329784e-21    70603282.3588    
7.5349576784    2.39380676699e-21    70908321.3135    
7.64590522458    2.31505321177e-21    71208056.1518    
7.75685277076    2.24003427468e-21    71502655.1113    
7.86780031694    2.16852050542e-21    71792278.6271    
7.97874786312    2.10029965403e-21    72077080.3076    
8.0896954093    2.03517516236e-21    72357207.0964    
8.20064295547    1.9729648107e-21    72632799.2729    
8.31159050165    1.9134994887e-21    72903990.7768    
8.42253804783    1.85662206163e-21    73170910.5091    
8.53348559401    1.80218640029e-21    73433681.519    
8.64443314019    1.75005646162e-21    73692421.8164    
8.75538068637    1.70010546825e-21    73947244.6977    
8.86632823255    1.65221516403e-21    74198259.0703    
8.97727577873    1.60627515185e-21    74445569.1277    
9.08822332491    1.56218226635e-21    74689275.1622    
9.19917087109    1.51984002019e-21    74929473.565    
9.31011841727    1.47915809872e-21    75166256.8262    
9.42106596345    1.4400518827e-21    75399714.3475    
9.53201350963    1.40244204339e-21    75629931.6291    
9.64296105581    1.3662541293e-21    75856991.7334    
9.75390860199    1.33141824098e-21    76080973.8215    
9.86485614816    1.29786867778e-21    76301954.7786    
9.97580369434    1.26554365341e-21    76520008.5644    
10.0867512405    1.23438502039e-21    76735206.375    
10.1976987867    1.20433800898e-21    76947617.2935    
10.3086463329    1.17535100987e-21    77157307.4771    
10.4195938791    1.14737534136e-21    77364341.4575    
10.5305414252    1.12036507592e-21    77568780.678    
10.6414889714    1.09427683035e-21    77770685.444    
10.7524365176    1.06906962063e-21    77970113.4602    
10.8633840638    1.0447046913e-21    78167120.9684    
10.97433161    1.02114538402e-21    78361761.9346    
11.0852791561    9.98356996387e-22    78554088.6994    
11.1962267023    9.76306655494e-22    78744152.303    
11.3071742485    9.54963214746e-22    78932001.6724    
11.4181217947    9.34297137968e-22    79117684.4344    
11.5290693409    9.14280401767e-22    79301246.9153    
11.640016887    8.94886411979e-22    79482733.4906    
11.7509644332    8.760899039e-22    79662187.8861    
11.8619119794    8.57866880021e-22    79839651.7139    
11.9728595256    8.40194516722e-22    80015166.2615    
12.0838070718    8.23051115223e-22    80188770.703    
12.1947546179    8.06416021889e-22    80360503.5624    
12.3057021641    7.90269572331e-22    80530402.3883    
12.4166497103    7.74593042025e-22    80698503.1039    
12.5275972565    7.59368582923e-22    80864841.1448    
12.6385448026    7.44579184237e-22    81029450.4837    
12.7494923488    7.30208619027e-22    81192364.4428    
12.860439895    7.1624140322e-22    81353615.5319    
12.9713874412    7.02662759871e-22    81513234.9603    
13.0823349874    6.89458574387e-22    81671253.4496    
13.1932825335    6.76615365028e-22    81827700.5837    
13.3042300797    6.64120244316e-22    81982605.4587    
13.4151776259    6.51960893413e-22    82135996.0329    
13.5261251721    6.40125526337e-22    82287899.9395    
13.6370727183    6.28602867822e-22    82438343.8365    
13.7480202644    6.17382124895e-22    82587353.7316    
13.8589678106    6.06452961433e-22    82734955.145    
13.9699153568    5.95805481279e-22    82881172.2963    
14.080862903    5.85430194783e-22    83026029.7303    
14.1918104492    5.75318010401e-22    83169550.6915    
14.3027579953    5.6546020846e-22    83311758.0991    
14.4137055415    5.55848424355e-22    83452674.3849    
14.5246530877    5.46474633667e-22    83592321.1678    
14.6356006339    5.37331133816e-22    83730719.5791    
14.7465481801    5.28410526835e-22    83867890.5875    
14.8574957262    5.19705710218e-22    84003854.1865    
14.9684432724    5.11209857132e-22    84138630.3695    
15.0793908186    5.02916409636e-22    84272238.1547    
15.1903383648    4.94819061477e-22    84404696.3977    
15.3012859109    4.86911746716e-22    84536023.7915    
15.4122334571    4.79188635388e-22    84666237.7289    
15.5231810033    4.71644111875e-22    84795356.2527    
15.6341285495    4.64272775395e-22    84923396.268    
15.7450760957    4.57069425103e-22    85050374.5172    
15.8560236418    4.50029052237e-22    85176307.4177    
15.966971188    4.43146831769e-22    85301211.0619    
16.0779187342    4.36418115297e-22    85425101.0542    
16.1888662804    4.2983842344e-22    85547992.5119    
16.2998138266    4.23403436196e-22    85669900.5517    
16.4107613727    4.17108987837e-22    85790839.9658    
16.5217089189    4.10951061982e-22    85910824.8957    
16.6326564651    4.04925783002e-22    86029869.3206    
16.7436040113    3.99029409455e-22    86147987.2198    
16.8545515575    3.93258332319e-22    86265191.7595    
16.9654991036    3.87609065832e-22    86381496.1063    
17.0764466498    3.82078243251e-22    86496913.2639    
17.187394196    3.76662612767e-22    86611455.9113    
17.2983417422    3.71359034282e-22    86725136.0769    
17.4092892884    3.66164470092e-22    86837966.2769    
17.5202368345    3.61075987024e-22    86949958.0524    
17.6311843807    3.56090747559e-22    87061123.1068    
17.7421319269    3.51206008114e-22    87171472.8185    
17.8530794731    3.46419115384e-22    87281018.2407    
17.9640270193    3.41727501565e-22    87389770.4268    
18.0749745654    3.37128682366e-22    87497740.105    
18.1859221116    3.32620253185e-22    87604937.8409    
18.2968696578    3.28199887314e-22    87711373.7125    
18.407817204    3.23865331174e-22    87817057.7978    
18.5187647501    3.19614401602e-22    87922000.1748    
18.6297122963    3.15444984417e-22    88026210.5964    
18.7406598425    3.11355031858e-22    88129698.4904    
18.8516073887    3.07342559556e-22    88232473.1222    
18.9625549349    3.03405643663e-22    88334543.7568    
19.073502481    2.99542419225e-22    88435919.4971    
19.1844500272    2.95751079142e-22    88536608.9581    
19.2953975734    2.92029869914e-22    88636620.9174    
19.4063451196    2.88377090818e-22    88735963.9901    
19.5172926658    2.84791092559e-22    88834646.4661    
19.6282402119    2.81270274924e-22    88932676.4729    
19.7391877581    2.77813084551e-22    89030062.1379    
19.8501353043    2.74418014308e-22    89126811.2634    
19.9610828505    2.71083600197e-22    89222931.8143    
20.0720303967    2.67808421841e-22    89318431.2678    
20.1829779428    2.64591099512e-22    89413317.1012    
20.293925489    2.61430292284e-22    89507596.9542    
20.4048730352    2.58324699557e-22    89601277.6538    
20.5158205814    2.55273055468e-22    89694366.6772    
20.6267681276    2.52274131908e-22    89786870.689    
20.7377156737    2.49326733597e-22    89878796.8413    
20.8486632199    2.46429699713e-22    89970151.7986    
20.9596107661    2.43581901849e-22    90060942.0628    
21.0705583123    2.40782242073e-22    90151174.2983    
21.1815058585    2.38029652819e-22    90240855.0072    
21.2924534046    2.35323096311e-22    90329990.3662    
21.4034009508    2.32661563173e-22    90418586.3897    
21.514348497    2.30044069859e-22    90506649.5796    
21.6252960432    2.27469661131e-22    90594185.625    
21.7362435893    2.2493740629e-22    90681200.5404    
21.8471911355    2.2244639962e-22    90767700.1773    
21.9581386817    2.19995759604e-22    90853690.225    
22.0690862279    2.17584628153e-22    90939176.2102    
22.1800337741    2.15212169109e-22    91024163.822    
22.2909813202    2.12877569099e-22    91108658.262    
22.4019288664    2.10580034554e-22    91192665.2194    
22.5128764126    2.08318794106e-22    91276189.5707    
22.6238239588    2.06093094564e-22    91359236.8424    
22.734771505    2.03902202945e-22    91441812.0736    
22.8457190511    2.01745405122e-22    91523920.1407    
22.9566665973    1.99622004896e-22    91605565.9202    
23.0676141435    1.97531322763e-22    91686754.6137    
23.1785616897    1.95472697522e-22    91767490.7724    
