         201
      4.00000       10000.000      0.00000
      4.02000       10471.285      0.00000
      4.04000       10964.781      0.00000
      4.06000       11481.535      0.00000
      4.08000       12022.643      0.00000
      4.10000       12589.251      0.00000
      4.12000       13182.563      0.00000
      4.14000       13803.839      0.00000
      4.16000       14454.393      0.00000
      4.18000       15135.606      0.00000
      4.20000       15848.925      0.00000
      4.22000       16595.861      0.00000
      4.24000       17378.000      0.00000
      4.26000       18197.018      0.00000
      4.28000       19054.617      0.00000
      4.30000       19952.633      0.00000
      4.32000       20892.969      0.00000
      4.34000       21877.623      0.00000
      4.36000       22908.684      0.00000
      4.38000       23988.336      0.00000
      4.40000       25118.869      0.00000
      4.42000       26302.684      0.00000
      4.44000       27542.291      0.00000
      4.46000       28840.318      0.00000
      4.48000       30199.518      0.00000
      4.50000       31622.777      0.00000
      4.52000       33113.109      0.00000
      4.54000       34673.684      0.00000
      4.56000       36307.801      0.00000
      4.58000       38018.934      0.00000
      4.60000       39810.707      0.00000
      4.62000       41686.926      0.00000
      4.64000       43651.570      0.00000
      4.66000       45708.805      0.00000
      4.68000       47862.992      0.00000
      4.70000       50118.703      0.00000
      4.72000       52480.719      0.00000
      4.74000       54954.059      0.00000
      4.76000       57544.023      0.00000
      4.78000       60255.922      0.00000
      4.80000       63095.762      0.00000
      4.82000       66069.367      0.00000
      4.84000       69183.125      0.00000
      4.86000       72443.617      0.00000
      4.88000       75857.781      0.00000
      4.90000       79432.844      0.00000
      4.92000       83176.391      0.00000
      4.94000       87096.367      0.00000
      4.96000       91201.094      0.00000
      4.98000       95499.266      0.00000
      5.00000       100000.00      0.00000
      5.02000       104712.85      0.00000
      5.04000       109647.81      0.00000
      5.06000       114815.34      0.00000
      5.08000       120226.42      0.00000
      5.10000       125892.52      0.00000
      5.12000       131825.64      0.00000
      5.14000       138038.39      0.00000
      5.16000       144543.92      0.00000
      5.18000       151356.06      0.00000
      5.20000       158489.25      0.00000
      5.22000       165958.80      0.00000
      5.24000       173779.98      0.00000
      5.26000       181970.19      0.00000
      5.28000       190545.95      0.00000
      5.30000       199526.31      0.00000
      5.32000       208929.47      0.00000
      5.34000       218776.23      0.00000
      5.36000       229086.83      0.00000
      5.38000       239883.36      0.00000
      5.40000       251188.70      0.00000
      5.42000       263026.84      0.00000
      5.44000       275422.91      0.00000
      5.46000       288403.19      0.00000
      5.48000       301995.19      0.00000
      5.50000       316227.78      0.00000
      5.52000       331131.09      0.00000
      5.54000       346736.81      0.00000
      5.56000       363078.00      0.00000
      5.58000       380189.34      0.00000
      5.60000       398107.09      0.00000
      5.62000       416869.28      0.00000
      5.64000       436515.69      0.00000
      5.66000       457088.03      0.00000
      5.68000       478629.91      0.00000
      5.70000       501187.00      0.00000
      5.72000       524807.19      0.00000
      5.74000       549540.56      0.00000
      5.76000       575440.25      0.00000
      5.78000       602559.19      0.00000
      5.80000       630957.62      0.00000
      5.82000       660693.00      0.00000
      5.84000       691831.19      0.00000
      5.86000       724436.19      0.00000
      5.88000       758577.75      0.00000
      5.90000       794328.44      0.00000
      5.92000       831763.94      0.00000
      5.94000       870963.69      0.00000
      5.96000       912010.94      0.00000
      5.98000       954992.62      0.00000
      6.00000       1000000.0      0.00000
      6.02000       1047128.5      0.00000
      6.04000       1096478.1      0.00000
      6.06000       1148153.5      0.00000
      6.08000       1202264.2      0.00000
      6.10000       1258925.1      0.00000
      6.12000       1318256.4      0.00000
      6.14000       1380383.9      0.00000
      6.16000       1445439.2      0.00000
      6.18000       1513562.2      0.00000
      6.20000       1584892.5      0.00000
      6.22000       1659587.9      0.00000
      6.24000       1737799.9      0.00000
      6.26000       1819701.9      0.00000
      6.28000       1905459.5      0.00000
      6.30000       1995263.2      0.00000
      6.32000       2089294.6      0.00000
      6.34000       2187762.5      0.00000
      6.36000       2290865.8      0.00000
      6.38000       2398833.5      0.00000
      6.40000       2511884.2      0.00000
      6.42000       2630268.5  1.40130e-45
      6.44000       2754229.0  1.26117e-44
      6.46000       2884031.8  7.84727e-44
      6.48000       3019951.8  4.70836e-43
      6.50000       3162277.8  2.57839e-42
      6.52000       3311311.0  1.30545e-41
      6.54000       3467368.2  6.13909e-41
      6.56000       3630780.0  2.69248e-40
      6.58000       3801893.2  1.10560e-39
      6.60000       3981070.8  4.26682e-39
      6.62000       4168692.8  1.57436e-38
      6.64000       4365157.0  5.42417e-38
      6.66000       4570880.5  1.77129e-37
      6.68000       4786299.0  5.49566e-37
      6.70000       5011870.0  1.62421e-36
      6.72000       5248078.0  4.60701e-36
      6.74000       5495406.0  1.24411e-35
      6.76000       5754402.5  3.22049e-35
      6.78000       6025592.0  8.00651e-35
      6.80000       6309576.0  1.91613e-34
      6.82000       6606930.0  4.42928e-34
      6.84000       6918312.0  9.87778e-34
      6.86000       7244354.0  2.12994e-33
      6.88000       7585777.5  4.44756e-33
      6.90000       7943275.5  9.00741e-33
      6.92000       8317639.0  1.77204e-32
      6.94000       8709627.0  3.38869e-32
      6.96000       9120109.0  6.30721e-32
      6.98000       9549926.0  1.14399e-31
      7.00000       10000000.  2.02531e-31
      7.02000       10471285.  3.50458e-31
      7.04000       10964781.  5.92968e-31
      7.06000       11481535.  9.81529e-31
      7.08000       12022642.  1.59106e-30
      7.10000       12589251.  2.52706e-30
      7.12000       13182564.  3.95250e-30
      7.14000       13803838.  6.05071e-30
      7.16000       14454393.  9.10343e-30
      7.18000       15135607.  1.34657e-29
      7.20000       15848925.  1.95996e-29
      7.22000       16595879.  2.80923e-29
      7.24000       17378000.  3.96536e-29
      7.26000       18197018.  5.51817e-29
      7.28000       19054596.  7.57449e-29
      7.30000       19952632.  1.02645e-28
      7.32000       20892946.  1.37431e-28
      7.34000       21877624.  1.81878e-28
      7.36000       22908658.  2.38038e-28
      7.38000       23988336.  3.08248e-28
      7.40000       25118842.  3.95100e-28
      7.42000       26302684.  5.01654e-28
      7.44000       27542260.  6.30814e-28
      7.46000       28840318.  7.86109e-28
      7.48000       30199518.  9.71177e-28
      7.50000       31622776.  1.18987e-27
      7.52000       33113110.  1.44621e-27
      7.54000       34673680.  1.74427e-27
      7.56000       36307800.  2.08818e-27
      7.58000       38018932.  2.48206e-27
      7.60000       39810708.  2.92992e-27
      7.62000       41686928.  3.43566e-27
      7.64000       43651568.  4.00289e-27
      7.66000       45708804.  4.63494e-27
      7.68000       47862992.  5.33478e-27
      7.70000       50118700.  6.10493e-27
      7.72000       52480780.  6.94735e-27
      7.74000       54954060.  7.86367e-27
      7.76000       57544024.  8.85480e-27
      7.78000       60255920.  9.92098e-27
      7.80000       63095764.  1.10620e-26
      7.82000       66069300.  1.22768e-26
      7.84000       69183120.  1.35638e-26
      7.86000       72443536.  1.49205e-26
      7.88000       75857776.  1.63440e-26
      7.90000       79432752.  1.78305e-26
      7.92000       83176392.  1.93762e-26
      7.94000       87096272.  2.09774e-26
      7.96000       91201088.  2.26306e-26
      7.98000       95499264.  2.43319e-26
      8.00000   1.0000000e+08  2.60775e-26
